232,15
233,15
233,16
234,17
234,18
235,18
235,19
236,19
236,20
237,20
238,20
239,21
239,22
240,23
240,24
241,24
241,25
241,26
242,27
243,27
243,28
244,28
243,29
244,29
244,30
245,31
246,32
247,33
247,34
248,34
248,35
249,35
248,36
249,36
248,37
249,37
250,37
249,38
250,38
251,39
252,40
253,41
253,42
254,42
253,43
254,43
255,43
254,44
255,44
255,45
256,45
255,46
256,46
257,46
256,47
257,47
257,48
258,48
329,48
258,49
328,49
329,49
258,50
259,50
327,50
328,50
259,51
324,51
326,51
260,52
321,52
322,52
323,52
261,53
318,53
319,53
261,54
262,54
316,54
317,54
318,54
319,54
262,55
263,55
315,55
316,55
317,55
263,56
270,56
271,56
312,56
313,56
314,56
264,57
268,57
269,57
270,57
310,57
311,57
312,57
265,58
267,58
268,58
270,58
271,58
272,58
308,58
309,58
310,58
265,59
266,59
267,59
269,59
270,59
271,59
272,59
305,59
306,59
307,59
266,60
267,60
268,60
269,60
270,60
271,60
303,60
304,60
305,60
306,60
307,60
266,61
267,61
268,61
269,61
270,61
302,61
303,61
304,61
305,61
266,62
267,62
268,62
298,62
299,62
300,62
301,62
296,63
297,63
298,63
299,63
294,64
295,64
296,64
297,64
290,65
291,65
292,65
293,65
289,66
290,66
291,66
292,66
289,67
290,67
285,68
286,68
287,68
288,68
283,69
284,69
279,70
280,70
281,70
282,70
277,71
278,71
279,71
280,71
275,72
276,72
277,72
278,72
279,72
274,73
275,73
276,73
277,73
271,74
272,74
273,74
274,74
278,74
189,75
190,75
269,75
270,75
271,75
278,75
192,76
278,76
279,76
147,77
191,77
192,77
279,77
280,77
147,78
148,78
190,78
191,78
192,78
279,78
280,78
147,79
190,79
191,79
192,79
280,79
146,80
190,80
191,80
192,80
281,80
139,81
144,81
145,81
281,81
126,82
141,82
142,82
143,82
144,82
281,82
282,82
126,83
281,83
282,83
126,84
281,84
282,84
127,85
282,85
127,86
282,86
283,86
127,87
283,87
126,88
127,88
283,88
125,89
126,89
283,89
284,89
124,90
125,90
283,90
284,90
124,91
284,91
122,92
123,92
284,92
121,93
284,93
285,93
286,93
285,94
286,94
285,95
286,95
285,96
286,96
286,97
287,97
333,97
334,97
204,98
287,98
288,98
333,98
334,98
204,99
287,99
288,99
332,99
333,99
204,100
287,100
288,100
332,100
333,100
334,100
203,101
204,101
229,101
232,101
233,101
234,101
287,101
288,101
289,101
332,101
333,101
334,101
335,101
336,101
202,102
203,102
225,102
226,102
227,102
228,102
229,102
230,102
231,102
232,102
233,102
234,102
288,102
289,102
333,102
334,102
335,102
336,102
203,103
224,103
225,103
226,103
227,103
228,103
229,103
230,103
231,103
288,103
289,103
335,103
336,103
219,104
220,104
221,104
222,104
223,104
224,104
225,104
226,104
227,104
288,104
289,104
216,105
217,105
218,105
219,105
220,105
221,105
222,105
289,105
290,105
291,105
399,105
400,105
213,106
214,106
215,106
216,106
217,106
218,106
219,106
289,106
290,106
291,106
399,106
400,106
210,107
211,107
212,107
213,107
214,107
290,107
291,107
399,107
400,107
447,107
448,107
449,107
450,107
451,107
452,107
453,107
454,107
204,108
205,108
206,108
207,108
208,108
210,108
211,108
212,108
213,108
290,108
291,108
292,108
400,108
441,108
442,108
443,108
444,108
445,108
446,108
447,108
448,108
449,108
450,108
451,108
452,108
453,108
203,109
204,109
205,109
206,109
207,109
208,109
209,109
290,109
291,109
292,109
400,109
440,109
441,109
442,109
443,109
444,109
445,109
446,109
447,109
448,109
449,109
200,110
201,110
202,110
203,110
204,110
290,110
291,110
292,110
400,110
432,110
433,110
434,110
435,110
436,110
437,110
438,110
439,110
440,110
195,111
196,111
197,111
198,111
199,111
200,111
291,111
292,111
293,111
400,111
401,111
426,111
427,111
428,111
429,111
430,111
431,111
432,111
433,111
434,111
435,111
523,111
524,111
191,112
192,112
193,112
194,112
195,112
196,112
291,112
292,112
293,112
390,112
400,112
401,112
402,112
403,112
404,112
405,112
406,112
407,112
408,112
409,112
410,112
419,112
420,112
421,112
422,112
423,112
424,112
425,112
426,112
523,112
524,112
189,113
190,113
191,113
291,113
292,113
293,113
390,113
409,113
410,113
411,113
412,113
413,113
414,113
415,113
416,113
417,113
418,113
419,113
420,113
421,113
523,113
524,113
189,114
190,114
292,114
293,114
294,114
390,114
410,114
411,114
412,114
413,114
414,114
415,114
416,114
417,114
418,114
419,114
420,114
421,114
523,114
524,114
181,115
182,115
183,115
184,115
185,115
186,115
293,115
294,115
390,115
407,115
420,115
421,115
422,115
423,115
424,115
425,115
426,115
427,115
428,115
429,115
430,115
523,115
524,115
179,116
180,116
181,116
293,116
294,116
368,116
369,116
390,116
400,116
401,116
403,116
404,116
430,116
431,116
432,116
433,116
434,116
435,116
436,116
437,116
438,116
439,116
523,116
524,116
174,117
175,117
293,117
294,117
295,117
297,117
298,117
390,117
392,117
395,117
396,117
397,117
439,117
440,117
441,117
442,117
443,117
444,117
445,117
446,117
447,117
448,117
449,117
523,117
524,117
168,118
169,118
170,118
171,118
294,118
295,118
297,118
298,118
384,118
385,118
386,118
387,118
388,118
389,118
390,118
449,118
450,118
451,118
452,118
453,118
454,118
455,118
456,118
457,118
458,118
459,118
460,118
461,118
523,118
524,118
168,119
217,119
294,119
295,119
296,119
372,119
373,119
374,119
375,119
376,119
377,119
378,119
379,119
380,119
381,119
382,119
383,119
384,119
385,119
386,119
387,119
388,119
389,119
390,119
458,119
459,119
460,119
461,119
462,119
463,119
464,119
465,119
466,119
467,119
468,119
469,119
470,119
523,119
524,119
217,120
294,120
295,120
296,120
353,120
354,120
355,120
356,120
357,120
358,120
362,120
363,120
364,120
365,120
366,120
367,120
370,120
371,120
372,120
373,120
374,120
375,120
376,120
377,120
378,120
379,120
380,120
381,120
382,120
383,120
384,120
385,120
386,120
387,120
388,120
389,120
390,120
459,120
460,120
461,120
462,120
463,120
464,120
465,120
466,120
467,120
468,120
469,120
470,120
471,120
472,120
473,120
474,120
475,120
476,120
477,120
478,120
479,120
480,120
481,120
523,120
524,120
525,120
217,121
294,121
295,121
296,121
349,121
352,121
353,121
354,121
355,121
356,121
357,121
358,121
359,121
361,121
362,121
363,121
364,121
365,121
366,121
367,121
368,121
369,121
370,121
371,121
372,121
373,121
374,121
375,121
376,121
377,121
378,121
468,121
469,121
470,121
471,121
472,121
473,121
474,121
475,121
476,121
477,121
478,121
479,121
480,121
481,121
482,121
523,121
524,121
525,121
217,122
295,122
296,122
301,122
327,122
328,122
331,122
332,122
333,122
336,122
338,122
339,122
341,122
342,122
343,122
344,122
345,122
346,122
347,122
348,122
349,122
350,122
351,122
352,122
353,122
354,122
355,122
356,122
357,122
358,122
359,122
360,122
361,122
362,122
478,122
479,122
480,122
481,122
482,122
483,122
484,122
485,122
486,122
487,122
488,122
489,122
490,122
491,122
523,122
524,122
525,122
150,123
151,123
186,123
187,123
192,123
193,123
216,123
217,123
295,123
296,123
318,123
319,123
320,123
321,123
322,123
323,123
324,123
325,123
326,123
327,123
328,123
329,123
330,123
331,123
332,123
333,123
334,123
335,123
336,123
337,123
338,123
339,123
340,123
341,123
342,123
343,123
344,123
345,123
346,123
487,123
488,123
489,123
490,123
491,123
492,123
493,123
494,123
495,123
496,123
524,123
525,123
148,124
149,124
150,124
151,124
194,124
195,124
196,124
197,124
198,124
215,124
216,124
296,124
297,124
298,124
299,124
300,124
301,124
302,124
303,124
304,124
305,124
306,124
307,124
308,124
309,124
310,124
311,124
312,124
313,124
314,124
315,124
316,124
317,124
318,124
319,124
320,124
321,124
322,124
323,124
324,124
325,124
326,124
327,124
328,124
524,124
525,124
148,125
149,125
150,125
151,125
152,125
205,125
206,125
207,125
208,125
209,125
210,125
211,125
214,125
215,125
216,125
294,125
296,125
297,125
298,125
299,125
300,125
301,125
302,125
303,125
304,125
305,125
306,125
307,125
308,125
309,125
310,125
524,125
525,125
149,126
150,126
151,126
152,126
205,126
206,126
207,126
208,126
209,126
210,126
211,126
212,126
213,126
214,126
215,126
216,126
294,126
296,126
297,126
298,126
299,126
300,126
301,126
302,126
303,126
304,126
305,126
306,126
307,126
308,126
309,126
524,126
525,126
149,127
150,127
151,127
152,127
157,127
158,127
159,127
160,127
161,127
162,127
163,127
164,127
165,127
166,127
167,127
168,127
169,127
208,127
210,127
211,127
212,127
213,127
214,127
215,127
296,127
297,127
298,127
299,127
300,127
301,127
302,127
303,127
304,127
305,127
306,127
307,127
524,127
525,127
147,128
148,128
149,128
150,128
151,128
152,128
153,128
154,128
155,128
156,128
157,128
158,128
159,128
160,128
161,128
162,128
163,128
164,128
165,128
209,128
210,128
211,128
212,128
224,128
297,128
298,128
308,128
309,128
310,128
311,128
312,128
313,128
314,128
315,128
316,128
317,128
524,128
525,128
139,129
140,129
141,129
142,129
143,129
144,129
145,129
146,129
147,129
148,129
149,129
150,129
151,129
152,129
153,129
154,129
155,129
156,129
157,129
228,129
229,129
230,129
231,129
232,129
233,129
234,129
297,129
298,129
319,129
320,129
323,129
324,129
325,129
326,129
327,129
328,129
329,129
330,129
331,129
524,129
525,129
130,130
131,130
132,130
133,130
134,130
135,130
136,130
137,130
138,130
139,130
140,130
141,130
142,130
143,130
144,130
145,130
146,130
147,130
148,130
149,130
151,130
235,130
297,130
298,130
299,130
332,130
333,130
334,130
335,130
336,130
337,130
338,130
339,130
340,130
341,130
342,130
343,130
524,130
525,130
128,131
129,131
130,131
131,131
132,131
133,131
134,131
135,131
136,131
137,131
138,131
139,131
140,131
141,131
246,131
247,131
298,131
299,131
344,131
345,131
346,131
347,131
348,131
349,131
350,131
351,131
352,131
353,131
354,131
362,131
363,131
524,131
525,131
55,132
56,132
121,132
122,132
123,132
124,132
125,132
126,132
127,132
128,132
129,132
130,132
131,132
132,132
133,132
134,132
135,132
136,132
137,132
138,132
139,132
140,132
246,132
247,132
299,132
345,132
346,132
347,132
348,132
349,132
350,132
351,132
352,132
353,132
354,132
361,132
362,132
363,132
364,132
524,132
525,132
55,133
56,133
120,133
121,133
122,133
123,133
124,133
125,133
126,133
127,133
128,133
129,133
130,133
131,133
132,133
147,133
299,133
355,133
356,133
357,133
358,133
359,133
360,133
361,133
362,133
363,133
364,133
365,133
524,133
525,133
55,134
112,134
113,134
114,134
115,134
116,134
117,134
118,134
119,134
120,134
121,134
122,134
123,134
299,134
300,134
355,134
356,134
357,134
358,134
366,134
367,134
368,134
369,134
370,134
524,134
525,134
55,135
104,135
105,135
106,135
107,135
108,135
109,135
110,135
111,135
112,135
113,135
114,135
300,135
352,135
353,135
354,135
524,135
525,135
55,136
96,136
97,136
98,136
99,136
100,136
101,136
102,136
103,136
104,136
105,136
106,136
300,136
348,136
349,136
350,136
524,136
525,136
55,137
85,137
86,137
87,137
88,137
89,137
90,137
91,137
92,137
93,137
94,137
95,137
96,137
97,137
301,137
346,137
347,137
524,137
525,137
55,138
77,138
78,138
79,138
80,138
81,138
82,138
83,138
84,138
85,138
86,138
87,138
88,138
89,138
90,138
91,138
92,138
93,138
94,138
95,138
96,138
97,138
301,138
346,138
524,138
525,138
55,139
76,139
77,139
78,139
79,139
80,139
81,139
82,139
83,139
84,139
85,139
86,139
87,139
88,139
301,139
342,139
343,139
524,139
525,139
55,140
74,140
75,140
76,140
77,140
78,140
79,140
301,140
340,140
341,140
524,140
525,140
55,141
302,141
335,141
336,141
337,141
524,141
525,141
55,142
73,142
74,142
128,142
129,142
130,142
131,142
132,142
134,142
302,142
332,142
333,142
334,142
524,142
525,142
55,143
73,143
74,143
119,143
120,143
121,143
122,143
123,143
124,143
125,143
126,143
127,143
302,143
303,143
329,143
330,143
524,143
525,143
55,144
73,144
74,144
118,144
119,144
120,144
121,144
122,144
123,144
124,144
125,144
126,144
127,144
303,144
304,144
329,144
330,144
524,144
525,144
55,145
73,145
74,145
110,145
111,145
112,145
113,145
114,145
115,145
116,145
117,145
303,145
304,145
326,145
327,145
524,145
525,145
526,145
55,146
73,146
100,146
101,146
102,146
103,146
104,146
105,146
106,146
107,146
108,146
109,146
303,146
304,146
323,146
524,146
525,146
526,146
527,146
55,147
74,147
91,147
92,147
93,147
94,147
95,147
96,147
97,147
98,147
99,147
303,147
304,147
305,147
319,147
320,147
524,147
525,147
526,147
527,147
55,148
74,148
80,148
81,148
82,148
83,148
84,148
85,148
86,148
87,148
88,148
89,148
90,148
91,148
304,148
305,148
316,148
317,148
318,148
524,148
525,148
526,148
527,148
55,149
74,149
75,149
76,149
77,149
78,149
79,149
80,149
81,149
82,149
83,149
305,149
312,149
313,149
314,149
525,149
526,149
527,149
55,150
74,150
75,150
76,150
77,150
78,150
79,150
80,150
81,150
82,150
305,150
312,150
313,150
314,150
526,150
527,150
55,151
305,151
306,151
309,151
310,151
311,151
526,151
55,152
306,152
307,152
308,152
526,152
527,152
55,153
306,153
526,153
527,153
55,154
307,154
526,154
527,154
55,155
307,155
526,155
527,155
55,156
307,156
526,156
55,157
307,157
526,157
55,158
308,158
526,158
55,159
138,159
308,159
526,159
55,160
138,160
308,160
526,160
55,161
138,161
309,161
526,161
55,162
138,162
309,162
310,162
526,162
55,163
138,163
309,163
310,163
526,163
55,164
309,164
310,164
526,164
55,165
311,165
526,165
55,166
526,166
55,167
526,167
527,167
55,168
526,168
527,168
55,169
526,169
527,169
55,170
526,170
527,170
55,171
526,171
527,171
55,172
526,172
527,172
55,173
526,173
527,173
55,174
527,174
55,175
527,175
55,176
261,176
262,176
527,176
55,177
261,177
262,177
527,177
55,178
261,178
262,178
527,178
55,179
261,179
262,179
527,179
55,180
341,180
527,180
55,181
340,181
527,181
55,182
263,182
330,182
337,182
527,182
55,183
263,183
527,183
55,184
205,184
206,184
207,184
208,184
209,184
210,184
251,184
527,184
55,185
204,185
211,185
212,185
527,185
55,186
204,186
211,186
212,186
213,186
527,186
55,187
212,187
213,187
214,187
321,187
527,187
55,188
213,188
214,188
320,188
527,188
55,189
215,189
317,189
318,189
319,189
320,189
527,189
55,190
215,190
527,190
55,191
215,191
527,191
528,191
55,192
527,192
528,192
55,193
213,193
214,193
339,193
340,193
527,193
528,193
55,194
213,194
214,194
338,194
339,194
340,194
527,194
528,194
55,195
185,195
186,195
187,195
188,195
189,195
337,195
527,195
528,195
529,195
530,195
531,195
55,196
189,196
190,196
527,196
528,196
529,196
55,197
192,197
193,197
194,197
195,197
196,197
527,197
528,197
55,198
191,198
192,198
193,198
194,198
195,198
196,198
197,198
480,198
527,198
528,198
55,199
191,199
192,199
193,199
194,199
195,199
196,199
197,199
198,199
479,199
527,199
528,199
55,200
168,200
169,200
170,200
171,200
172,200
173,200
174,200
191,200
192,200
193,200
198,200
199,200
479,200
527,200
528,200
55,201
144,201
145,201
146,201
147,201
148,201
149,201
150,201
167,201
168,201
175,201
189,201
190,201
191,201
199,201
200,201
479,201
527,201
528,201
531,201
532,201
55,202
143,202
144,202
151,202
166,202
167,202
189,202
190,202
200,202
479,202
527,202
528,202
529,202
530,202
531,202
532,202
533,202
534,202
535,202
55,203
142,203
143,203
152,203
165,203
166,203
189,203
190,203
200,203
480,203
527,203
528,203
529,203
530,203
531,203
532,203
533,203
534,203
535,203
536,203
55,204
141,204
142,204
152,204
165,204
166,204
189,204
190,204
200,204
480,204
527,204
528,204
529,204
530,204
531,204
532,204
533,204
534,204
535,204
55,205
141,205
164,205
165,205
166,205
176,205
188,205
189,205
190,205
200,205
528,205
55,206
141,206
165,206
166,206
167,206
176,206
189,206
190,206
191,206
199,206
200,206
55,207
140,207
165,207
166,207
169,207
176,207
190,207
191,207
199,207
200,207
460,207
533,207
534,207
535,207
536,207
55,208
140,208
165,208
166,208
175,208
191,208
195,208
196,208
197,208
198,208
199,208
460,208
533,208
534,208
535,208
55,209
140,209
151,209
166,209
167,209
174,209
175,209
192,209
193,209
194,209
195,209
196,209
197,209
198,209
532,209
533,209
534,209
55,210
140,210
151,210
167,210
173,210
174,210
175,210
192,210
193,210
194,210
195,210
196,210
197,210
198,210
461,210
532,210
533,210
534,210
55,211
121,211
122,211
123,211
124,211
125,211
126,211
141,211
142,211
146,211
147,211
150,211
151,211
168,211
169,211
170,211
171,211
172,211
173,211
174,211
193,211
194,211
195,211
55,212
118,212
119,212
120,212
121,212
127,212
141,212
142,212
143,212
144,212
145,212
146,212
148,212
149,212
150,212
167,212
169,212
170,212
171,212
172,212
55,213
118,213
119,213
127,213
128,213
142,213
143,213
144,213
145,213
146,213
147,213
480,213
481,213
55,214
128,214
55,215
117,215
128,215
141,215
55,216
117,216
128,216
140,216
141,216
487,216
55,217
117,217
128,217
140,217
482,217
483,217
484,217
485,217
486,217
55,218
117,218
127,218
128,218
165,218
166,218
481,218
482,218
483,218
484,218
485,218
486,218
55,219
56,219
117,219
126,219
127,219
165,219
166,219
197,219
481,219
482,219
483,219
484,219
55,220
56,220
117,220
121,220
122,220
123,220
124,220
125,220
126,220
127,220
481,220
55,221
56,221
118,221
119,221
120,221
121,221
122,221
123,221
124,221
125,221
126,221
141,221
194,221
481,221
482,221
55,222
56,222
118,222
119,222
120,222
121,222
122,222
123,222
124,222
125,222
126,222
168,222
193,222
194,222
197,222
482,222
483,222
55,223
56,223
118,223
119,223
120,223
121,223
122,223
123,223
124,223
125,223
126,223
143,223
144,223
168,223
169,223
170,223
171,223
172,223
173,223
197,223
55,224
56,224
117,224
122,224
144,224
145,224
146,224
147,224
148,224
149,224
197,224
55,225
56,225
117,225
195,225
196,225
55,226
56,226
116,226
117,226
194,226
55,227
56,227
116,227
117,227
188,227
189,227
190,227
191,227
192,227
193,227
529,227
54,228
55,228
56,228
116,228
117,228
187,228
188,228
189,228
190,228
191,228
192,228
193,228
529,228
49,229
50,229
51,229
52,229
53,229
54,229
55,229
56,229
117,229
529,229
55,230
117,230
362,230
529,230
535,230
536,230
537,230
55,231
117,231
118,231
119,231
529,231
530,231
531,231
532,231
533,231
534,231
535,231
536,231
537,231
55,232
118,232
119,232
120,232
529,232
530,232
55,233
121,233
122,233
123,233
124,233
529,233
530,233
55,234
121,234
122,234
123,234
124,234
529,234
530,234
55,235
365,235
529,235
530,235
55,236
365,236
529,236
530,236
531,236
55,237
123,237
124,237
125,237
366,237
529,237
530,237
531,237
48,238
49,238
50,238
51,238
52,238
53,238
54,238
55,238
120,238
121,238
122,238
126,238
366,238
529,238
530,238
531,238
47,239
48,239
49,239
50,239
51,239
52,239
53,239
54,239
55,239
119,239
120,239
121,239
122,239
126,239
366,239
367,239
529,239
530,239
531,239
48,240
49,240
50,240
51,240
52,240
53,240
54,240
55,240
118,240
119,240
120,240
127,240
367,240
368,240
529,240
530,240
531,240
117,241
118,241
119,241
128,241
368,241
369,241
529,241
530,241
531,241
532,241
533,241
117,242
128,242
368,242
369,242
529,242
530,242
531,242
532,242
117,243
128,243
369,243
370,243
529,243
530,243
531,243
117,244
128,244
530,244
531,244
117,245
128,245
371,245
530,245
531,245
117,246
128,246
371,246
530,246
531,246
117,247
127,247
371,247
530,247
531,247
118,248
119,248
120,248
121,248
122,248
123,248
124,248
125,248
126,248
372,248
530,248
531,248
118,249
119,249
120,249
121,249
124,249
125,249
127,249
372,249
530,249
531,249
118,250
119,250
121,250
122,250
127,250
128,250
373,250
530,250
531,250
117,251
118,251
121,251
122,251
127,251
128,251
373,251
530,251
531,251
117,252
128,252
530,252
531,252
117,253
128,253
530,253
531,253
116,254
117,254
128,254
129,254
530,254
531,254
116,255
117,255
128,255
129,255
530,255
531,255
117,256
128,256
129,256
530,256
531,256
117,257
118,257
128,257
530,257
531,257
118,258
119,258
128,258
530,258
531,258
119,259
127,259
530,259
531,259
532,259
120,260
121,260
122,260
123,260
124,260
125,260
126,260
530,260
531,260
532,260
120,261
121,261
122,261
123,261
124,261
125,261
530,261
531,261
532,261
119,262
120,262
121,262
122,262
123,262
124,262
125,262
126,262
530,262
531,262
532,262
118,263
119,263
120,263
121,263
122,263
123,263
124,263
125,263
126,263
530,263
531,263
532,263
49,264
117,264
118,264
119,264
120,264
126,264
127,264
531,264
532,264
49,265
50,265
51,265
52,265
53,265
54,265
55,265
56,265
117,265
127,265
244,265
245,265
532,265
47,266
48,266
49,266
50,266
51,266
52,266
53,266
54,266
55,266
56,266
116,266
117,266
127,266
240,266
241,266
242,266
243,266
244,266
245,266
532,266
56,267
116,267
127,267
240,267
243,267
244,267
245,267
532,267
56,268
116,268
127,268
532,268
56,269
127,269
532,269
56,270
127,270
532,270
56,271
127,271
532,271
533,271
56,272
120,272
121,272
122,272
123,272
124,272
125,272
126,272
532,272
533,272
565,272
566,272
56,273
117,273
118,273
119,273
120,273
125,273
126,273
127,273
532,273
533,273
48,274
49,274
50,274
51,274
52,274
53,274
54,274
55,274
56,274
117,274
118,274
128,274
532,274
533,274
564,274
48,275
49,275
50,275
51,275
52,275
53,275
54,275
55,275
56,275
117,275
128,275
532,275
533,275
564,275
54,276
55,276
56,276
116,276
128,276
532,276
533,276
564,276
53,277
54,277
55,277
56,277
116,277
128,277
532,277
533,277
53,278
54,278
55,278
56,278
116,278
128,278
532,278
533,278
563,278
53,279
54,279
55,279
56,279
116,279
532,279
533,279
53,280
54,280
55,280
56,280
116,280
128,280
391,280
532,280
533,280
534,280
562,280
563,280
53,281
54,281
55,281
56,281
128,281
532,281
533,281
534,281
562,281
563,281
53,282
54,282
55,282
56,282
128,282
393,282
394,282
532,282
533,282
534,282
53,283
54,283
55,283
56,283
119,283
127,283
395,283
396,283
532,283
533,283
534,283
562,283
53,284
54,284
55,284
120,284
121,284
122,284
123,284
124,284
125,284
126,284
189,284
190,284
191,284
390,284
391,284
392,284
397,284
398,284
399,284
533,284
534,284
560,284
561,284
53,285
54,285
55,285
56,285
119,285
120,285
121,285
122,285
123,285
124,285
125,285
126,285
186,285
187,285
188,285
189,285
190,285
192,285
193,285
194,285
195,285
370,285
390,285
394,285
395,285
400,285
401,285
533,285
534,285
53,286
54,286
55,286
118,286
119,286
120,286
127,286
192,286
193,286
195,286
196,286
369,286
389,286
390,286
391,286
392,286
393,286
396,286
397,286
402,286
403,286
404,286
533,286
534,286
53,287
54,287
55,287
56,287
118,287
119,287
127,287
128,287
192,287
193,287
195,287
196,287
368,287
369,287
388,287
389,287
390,287
391,287
392,287
395,287
396,287
397,287
402,287
403,287
404,287
405,287
533,287
534,287
54,288
55,288
56,288
117,288
118,288
127,288
128,288
194,288
195,288
196,288
197,288
198,288
368,288
369,288
388,288
389,288
395,288
396,288
399,288
400,288
404,288
405,288
406,288
407,288
533,288
534,288
55,289
117,289
128,289
193,289
368,289
369,289
387,289
388,289
389,289
401,289
402,289
403,289
407,289
408,289
409,289
533,289
534,289
559,289
560,289
53,290
54,290
55,290
56,290
128,290
386,290
387,290
388,290
403,290
404,290
405,290
406,290
409,290
410,290
411,290
412,290
533,290
534,290
559,290
560,290
53,291
54,291
55,291
56,291
128,291
377,291
386,291
387,291
388,291
405,291
406,291
407,291
408,291
411,291
412,291
413,291
414,291
444,291
445,291
533,291
54,292
55,292
56,292
128,292
376,292
386,292
387,292
408,292
409,292
410,292
411,292
414,292
415,292
416,292
533,292
558,292
55,293
56,293
128,293
375,293
376,293
386,293
387,293
408,293
409,293
410,293
411,293
414,293
415,293
416,293
417,293
533,293
558,293
55,294
56,294
127,294
375,294
385,294
386,294
411,294
412,294
413,294
418,294
419,294
533,294
55,295
56,295
120,295
121,295
122,295
123,295
124,295
125,295
126,295
198,295
374,295
375,295
384,295
385,295
386,295
412,295
413,295
414,295
415,295
420,295
421,295
533,295
557,295
55,296
56,296
118,296
119,296
120,296
124,296
125,296
127,296
128,296
374,296
375,296
384,296
385,296
386,296
387,296
388,296
413,296
414,296
415,296
416,296
417,296
418,296
421,296
422,296
423,296
424,296
533,296
55,297
56,297
117,297
118,297
119,297
128,297
193,297
194,297
197,297
373,297
383,297
384,297
385,297
386,297
388,297
389,297
390,297
414,297
415,297
417,297
418,297
419,297
420,297
422,297
423,297
424,297
533,297
557,297
55,298
56,298
116,298
117,298
118,298
128,298
129,298
192,298
193,298
194,298
195,298
196,298
373,298
383,298
384,298
385,298
389,298
390,298
391,298
392,298
393,298
394,298
395,298
415,298
416,298
417,298
420,298
421,298
422,298
423,298
533,298
556,298
55,299
56,299
116,299
117,299
118,299
128,299
129,299
192,299
193,299
194,299
195,299
196,299
373,299
382,299
383,299
384,299
392,299
393,299
394,299
395,299
416,299
417,299
420,299
421,299
422,299
423,299
533,299
556,299
55,300
56,300
116,300
117,300
118,300
129,300
192,300
193,300
194,300
195,300
196,300
198,300
372,300
381,300
382,300
383,300
384,300
396,300
397,300
398,300
399,300
417,300
418,300
419,300
421,300
422,300
533,300
556,300
55,301
56,301
116,301
117,301
118,301
129,301
193,301
194,301
195,301
196,301
197,301
372,301
380,301
381,301
382,301
383,301
398,301
399,301
400,301
402,301
418,301
419,301
421,301
533,301
534,301
556,301
55,302
56,302
116,302
117,302
118,302
128,302
129,302
194,302
195,302
196,302
371,302
380,302
381,302
382,302
383,302
397,302
403,302
418,302
419,302
420,302
421,302
533,302
534,302
554,302
555,302
55,303
56,303
116,303
117,303
118,303
119,303
128,303
129,303
169,303
194,303
195,303
371,303
379,303
380,303
381,303
382,303
396,303
407,303
408,303
418,303
420,303
533,303
534,303
55,304
56,304
117,304
118,304
119,304
120,304
126,304
127,304
128,304
129,304
195,304
196,304
379,304
380,304
381,304
382,304
383,304
395,304
419,304
420,304
534,304
55,305
56,305
118,305
119,305
120,305
121,305
122,305
123,305
124,305
125,305
126,305
127,305
128,305
195,305
196,305
197,305
379,305
380,305
381,305
382,305
383,305
384,305
385,305
394,305
395,305
419,305
420,305
534,305
554,305
55,306
56,306
119,306
120,306
121,306
122,306
123,306
124,306
125,306
126,306
127,306
128,306
168,306
187,306
195,306
196,306
197,306
369,306
370,306
378,306
379,306
380,306
381,306
383,306
384,306
385,306
393,306
394,306
395,306
414,306
415,306
416,306
417,306
419,306
534,306
553,306
554,306
55,307
56,307
120,307
121,307
122,307
123,307
124,307
125,307
126,307
127,307
187,307
188,307
195,307
368,307
369,307
370,307
378,307
379,307
380,307
381,307
382,307
385,307
388,307
392,307
393,307
394,307
415,307
418,307
419,307
534,307
553,307
554,307
55,308
56,308
189,308
194,308
368,308
369,308
378,308
381,308
382,308
383,308
391,308
392,308
393,308
415,308
418,308
534,308
55,309
56,309
182,309
187,309
188,309
368,309
377,309
390,309
391,309
392,309
393,309
418,309
534,309
552,309
55,310
56,310
186,310
367,310
377,310
390,310
391,310
392,310
393,310
414,310
417,310
534,310
552,310
55,311
56,311
367,311
389,311
390,311
391,311
392,311
393,311
394,311
414,311
416,311
417,311
534,311
552,311
55,312
56,312
367,312
375,312
376,312
389,312
390,312
391,312
392,312
395,312
396,312
415,312
416,312
417,312
534,312
551,312
55,313
56,313
375,313
376,313
388,313
391,313
392,313
393,313
394,313
415,313
416,313
417,313
534,313
551,313
55,314
56,314
374,314
375,314
386,314
387,314
393,314
394,314
395,314
396,314
397,314
415,314
416,314
417,314
534,314
551,314
55,315
56,315
375,315
376,315
385,315
395,315
396,315
397,315
398,315
414,315
415,315
416,315
534,315
550,315
55,316
56,316
377,316
378,316
384,316
396,316
397,316
398,316
399,316
400,316
401,316
414,316
415,316
534,316
550,316
55,317
56,317
377,317
378,317
384,317
396,317
397,317
398,317
399,317
400,317
401,317
414,317
534,317
550,317
55,318
56,318
379,318
385,318
401,318
402,318
414,318
534,318
550,318
55,319
56,319
186,319
383,319
384,319
386,319
387,319
388,319
401,319
413,319
534,319
535,319
548,319
549,319
55,320
185,320
385,320
387,320
388,320
389,320
412,320
413,320
534,320
535,320
548,320
549,320
55,321
56,321
386,321
387,321
388,321
389,321
390,321
412,321
534,321
535,321
548,321
549,321
55,322
263,322
388,322
389,322
390,322
391,322
411,322
412,322
535,322
548,322
55,323
389,323
390,323
391,323
392,323
410,323
411,323
535,323
547,323
548,323
55,324
56,324
391,324
392,324
393,324
394,324
410,324
411,324
535,324
547,324
55,325
264,325
392,325
393,325
394,325
409,325
410,325
546,325
55,326
56,326
264,326
395,326
396,326
397,326
409,326
546,326
55,327
265,327
396,327
397,327
398,327
399,327
400,327
408,327
546,327
55,328
266,328
397,328
398,328
399,328
400,328
401,328
407,328
408,328
545,328
546,328
55,329
398,329
399,329
400,329
401,329
407,329
408,329
545,329
546,329
55,330
56,330
399,330
400,330
402,330
403,330
404,330
407,330
545,330
55,331
401,331
403,331
404,331
405,331
406,331
545,331
55,332
402,332
405,332
406,332
544,332
55,333
403,333
544,333
55,334
56,334
403,334
404,334
544,334
55,335
56,335
404,335
405,335
543,335
544,335
55,336
56,336
406,336
407,336
542,336
543,336
55,337
407,337
408,337
542,337
543,337
55,338
408,338
409,338
542,338
543,338
55,339
56,339
272,339
409,339
410,339
541,339
542,339
55,340
410,340
411,340
541,340
542,340
55,341
411,341
541,341
542,341
55,342
274,342
541,342
55,343
56,343
275,343
55,344
55,345
276,345
537,345
538,345
539,345
540,345
541,345
542,345
543,345
544,345
55,346
536,346
537,346
538,346
539,346
540,346
541,346
542,346
543,346
544,346
55,347
536,347
537,347
538,347
539,347
540,347
541,347
542,347
543,347
544,347
55,348
536,348
537,348
539,348
55,349
536,349
537,349
538,349
539,349
55,350
536,350
537,350
538,350
55,351
56,351
536,351
537,351
538,351
55,352
536,352
537,352
55,353
536,353
537,353
55,354
536,354
537,354
53,355
54,355
55,355
536,355
537,355
55,356
536,356
537,356
54,357
55,357
536,357
537,357
538,357
53,358
54,358
55,358
536,358
537,358
538,358
53,359
54,359
55,359
536,359
537,359
538,359
539,359
540,359
54,360
55,360
536,360
537,360
538,360
539,360
540,360
541,360
55,361
536,361
537,361
538,361
540,361
541,361
542,361
54,362
55,362
536,362
537,362
538,362
53,363
54,363
55,363
537,363
538,363
54,364
55,364
538,364
54,365
55,365
538,365
53,366
54,366
55,366
538,366
53,367
54,367
55,367
538,367
55,368
254,368
431,368
538,368
48,369
49,369
50,369
51,369
52,369
53,369
54,369
55,369
254,369
255,369
430,369
538,369
47,370
48,370
52,370
53,370
54,370
55,370
255,370
256,370
430,370
538,370
48,371
55,371
256,371
538,371
257,372
526,372
538,372
258,373
430,373
526,373
538,373
258,374
526,374
538,374
259,375
466,375
526,375
538,375
259,376
260,376
467,376
468,376
525,376
526,376
538,376
539,376
259,377
260,377
467,377
468,377
524,377
525,377
526,377
538,377
539,377
252,378
260,378
437,378
438,378
469,378
524,378
525,378
526,378
538,378
539,378
253,379
261,379
262,379
436,379
470,379
471,379
524,379
525,379
526,379
538,379
539,379
254,380
255,380
256,380
263,380
434,380
435,380
456,380
457,380
458,380
459,380
460,380
461,380
524,380
525,380
527,380
538,380
539,380
255,381
256,381
257,381
263,381
454,381
455,381
456,381
461,381
462,381
463,381
524,381
525,381
527,381
538,381
539,381
256,382
257,382
258,382
264,382
444,382
453,382
454,382
463,382
524,382
525,382
526,382
527,382
538,382
539,382
257,383
258,383
264,383
444,383
452,383
453,383
524,383
525,383
526,383
527,383
538,383
539,383
252,384
258,384
259,384
264,384
265,384
433,384
452,384
464,384
465,384
524,384
525,384
526,384
539,384
260,385
265,385
433,385
446,385
447,385
451,385
464,385
465,385
524,385
525,385
526,385
539,385
248,386
261,386
262,386
266,386
464,386
465,386
466,386
524,386
525,386
526,386
539,386
247,387
263,387
266,387
524,387
525,387
526,387
539,387
247,388
264,388
267,388
438,388
524,388
525,388
526,388
539,388
247,389
264,389
268,389
438,389
524,389
525,389
526,389
539,389
265,390
269,390
438,390
524,390
525,390
526,390
539,390
258,391
266,391
269,391
439,391
524,391
525,391
539,391
48,392
258,392
259,392
267,392
268,392
270,392
439,392
524,392
525,392
526,392
539,392
46,393
47,393
48,393
49,393
50,393
51,393
52,393
53,393
54,393
55,393
258,393
259,393
260,393
269,393
270,393
271,393
524,393
525,393
526,393
539,393
47,394
48,394
49,394
50,394
51,394
52,394
53,394
54,394
55,394
257,394
258,394
260,394
261,394
269,394
270,394
271,394
524,394
525,394
526,394
540,394
53,395
54,395
55,395
256,395
257,395
258,395
261,395
262,395
270,395
271,395
272,395
524,395
525,395
526,395
540,395
54,396
55,396
255,396
256,396
257,396
262,396
263,396
271,396
272,396
273,396
524,396
525,396
526,396
55,397
255,397
256,397
263,397
264,397
272,397
273,397
274,397
440,397
441,397
442,397
443,397
524,397
525,397
526,397
540,397
54,398
55,398
86,398
259,398
264,398
265,398
273,398
274,398
275,398
439,398
440,398
441,398
443,398
444,398
445,398
524,398
525,398
526,398
540,398
55,399
81,399
82,399
83,399
84,399
85,399
86,399
258,399
265,399
266,399
274,399
275,399
276,399
439,399
440,399
441,399
442,399
443,399
445,399
446,399
447,399
448,399
524,399
525,399
540,399
54,400
55,400
75,400
76,400
77,400
78,400
79,400
80,400
81,400
82,400
83,400
86,400
266,400
267,400
275,400
276,400
277,400
438,400
440,400
441,400
449,400
450,400
524,400
525,400
540,400
53,401
54,401
55,401
74,401
75,401
76,401
77,401
78,401
79,401
80,401
81,401
82,401
86,401
267,401
268,401
276,401
277,401
438,401
439,401
440,401
441,401
449,401
450,401
524,401
525,401
526,401
540,401
53,402
54,402
55,402
67,402
68,402
69,402
70,402
71,402
72,402
73,402
74,402
75,402
76,402
77,402
85,402
86,402
268,402
269,402
278,402
438,402
439,402
440,402
449,402
450,402
524,402
525,402
526,402
540,402
53,403
54,403
55,403
63,403
64,403
65,403
66,403
67,403
68,403
69,403
70,403
78,403
86,403
269,403
270,403
279,403
280,403
438,403
439,403
450,403
451,403
524,403
525,403
540,403
55,404
63,404
64,404
86,404
87,404
265,404
270,404
271,404
281,404
438,404
439,404
450,404
451,404
524,404
525,404
540,404
54,405
55,405
78,405
79,405
86,405
87,405
271,405
282,405
438,405
439,405
451,405
524,405
525,405
540,405
53,406
54,406
55,406
78,406
79,406
86,406
87,406
272,406
273,406
283,406
438,406
439,406
451,406
524,406
525,406
54,407
55,407
79,407
87,407
265,407
273,407
274,407
283,407
438,407
439,407
440,407
451,407
524,407
525,407
55,408
64,408
65,408
87,408
274,408
284,408
439,408
440,408
441,408
449,408
450,408
451,408
524,408
525,408
540,408
53,409
54,409
55,409
79,409
80,409
87,409
275,409
285,409
286,409
440,409
441,409
442,409
443,409
444,409
445,409
446,409
447,409
448,409
449,409
450,409
524,409
525,409
526,409
540,409
53,410
54,410
55,410
79,410
87,410
88,410
89,410
276,410
287,410
441,410
442,410
443,410
444,410
445,410
446,410
447,410
448,410
450,410
524,410
525,410
526,410
540,410
53,411
54,411
80,411
87,411
88,411
89,411
277,411
282,411
288,411
524,411
525,411
526,411
53,412
54,412
80,412
88,412
89,412
278,412
283,412
289,412
435,412
524,412
525,412
526,412
541,412
53,413
54,413
80,413
88,413
89,413
283,413
289,413
434,413
435,413
524,413
525,413
526,413
540,413
541,413
53,414
54,414
80,414
88,414
89,414
280,414
290,414
432,414
433,414
524,414
525,414
526,414
53,415
54,415
80,415
81,415
88,415
89,415
281,415
291,415
292,415
293,415
431,415
524,415
525,415
526,415
541,415
542,415
53,416
54,416
66,416
81,416
88,416
89,416
282,416
293,416
294,416
430,416
524,416
525,416
526,416
541,416
542,416
53,417
54,417
81,417
88,417
89,417
90,417
283,417
294,417
295,417
430,417
524,417
525,417
526,417
541,417
542,417
53,418
54,418
81,418
89,418
90,418
284,418
294,418
295,418
296,418
429,418
524,418
525,418
526,418
541,418
542,418
53,419
54,419
81,419
82,419
90,419
295,419
296,419
297,419
428,419
429,419
524,419
525,419
526,419
53,420
54,420
81,420
82,420
83,420
90,420
296,420
297,420
298,420
428,420
429,420
524,420
525,420
53,421
54,421
82,421
83,421
90,421
288,421
297,421
298,421
299,421
428,421
429,421
524,421
525,421
53,422
54,422
82,422
83,422
90,422
288,422
289,422
300,422
524,422
525,422
541,422
542,422
53,423
54,423
82,423
83,423
90,423
91,423
290,423
301,423
524,423
525,423
541,423
542,423
53,424
54,424
67,424
82,424
83,424
90,424
91,424
290,424
301,424
302,424
524,424
525,424
46,425
47,425
53,425
54,425
67,425
83,425
84,425
90,425
91,425
301,425
302,425
524,425
525,425
46,426
47,426
53,426
54,426
83,426
84,426
91,426
292,426
304,426
524,426
525,426
541,426
46,427
47,427
53,427
54,427
83,427
84,427
91,427
293,427
305,427
524,427
525,427
46,428
47,428
53,428
54,428
83,428
84,428
91,428
294,428
306,428
524,428
525,428
46,429
47,429
53,429
54,429
83,429
84,429
85,429
91,429
307,429
524,429
525,429
47,430
54,430
84,430
85,430
91,430
92,430
308,430
524,430
525,430
47,431
48,431
54,431
68,431
85,431
91,431
92,431
444,431
524,431
525,431
47,432
48,432
54,432
85,432
91,432
92,432
310,432
311,432
524,432
525,432
47,433
48,433
54,433
82,433
83,433
84,433
85,433
86,433
87,433
88,433
89,433
90,433
91,433
92,433
311,433
312,433
524,433
525,433
542,433
543,433
47,434
48,434
54,434
78,434
79,434
80,434
81,434
82,434
83,434
84,434
85,434
86,434
87,434
88,434
89,434
300,434
312,434
313,434
524,434
525,434
47,435
48,435
54,435
72,435
73,435
74,435
75,435
76,435
77,435
78,435
79,435
80,435
81,435
82,435
83,435
313,435
314,435
524,435
525,435
47,436
48,436
54,436
70,436
71,436
72,436
73,436
74,436
75,436
76,436
314,436
315,436
524,436
525,436
47,437
48,437
54,437
70,437
71,437
72,437
73,437
74,437
75,437
315,437
316,437
524,437
525,437
542,437
543,437
47,438
48,438
54,438
316,438
317,438
524,438
525,438
543,438
47,439
48,439
54,439
317,439
318,439
524,439
525,439
47,440
48,440
54,440
318,440
319,440
524,440
525,440
47,441
48,441
54,441
319,441
320,441
524,441
525,441
47,442
48,442
54,442
321,442
524,442
525,442
47,443
48,443
54,443
322,443
442,443
443,443
524,443
525,443
47,444
48,444
54,444
323,444
442,444
443,444
444,444
524,444
525,444
47,445
48,445
54,445
324,445
442,445
443,445
444,445
445,445
446,445
447,445
448,445
524,445
525,445
47,446
48,446
54,446
325,446
442,446
443,446
444,446
445,446
446,446
447,446
448,446
524,446
525,446
47,447
48,447
54,447
442,447
443,447
444,447
445,447
446,447
447,447
448,447
524,447
525,447
47,448
48,448
54,448
305,448
524,448
525,448
47,449
48,449
54,449
305,449
306,449
524,449
525,449
47,450
48,450
49,450
54,450
306,450
307,450
316,450
523,450
524,450
525,450
47,451
48,451
49,451
54,451
307,451
317,451
524,451
525,451
48,452
49,452
54,452
308,452
318,452
523,452
524,452
525,452
49,453
54,453
309,453
319,453
523,453
524,453
525,453
49,454
54,454
309,454
310,454
320,454
523,454
524,454
525,454
49,455
54,455
310,455
312,455
320,455
321,455
524,455
525,455
49,456
54,456
311,456
313,456
320,456
321,456
322,456
524,456
525,456
49,457
54,457
313,457
314,457
319,457
323,457
523,457
524,457
525,457
49,458
54,458
315,458
316,458
324,458
523,458
524,458
525,458
49,459
54,459
315,459
316,459
317,459
324,459
325,459
524,459
525,459
49,460
54,460
316,460
317,460
323,460
324,460
325,460
524,460
525,460
49,461
54,461
318,461
322,461
323,461
324,461
523,461
524,461
525,461
49,462
54,462
318,462
319,462
321,462
322,462
323,462
523,462
524,462
525,462
49,463
54,463
319,463
320,463
321,463
322,463
524,463
525,463
49,464
54,464
320,464
321,464
523,464
524,464
525,464
49,465
54,465
523,465
524,465
525,465
526,465
527,465
528,465
529,465
530,465
531,465
532,465
49,466
54,466
524,466
525,466
526,466
527,466
528,466
529,466
530,466
531,466
49,467
54,467
49,468
54,468
523,468
49,469
50,469
54,469
49,470
50,470
54,470
49,471
50,471
54,471
50,472
54,472
50,473
54,473
50,474
54,474
50,475
54,475
50,476
54,476
50,477
54,477
50,478
54,478
50,479
54,479
50,480
54,480
50,481
54,481
50,482
54,482
50,483
54,483
50,484
54,484
50,485
54,485
50,486
51,486
54,486
50,487
54,487
50,488
51,488
54,488
525,488
529,488
530,488
531,488
46,489
47,489
48,489
49,489
50,489
51,489
52,489
53,489
54,489
524,489
525,489
529,489
530,489
531,489
47,490
48,490
49,490
50,490
51,490
52,490
53,490
524,490
525,490
530,490
531,490
532,490
524,491
525,491
526,491
530,491
531,491
532,491
44,492
51,492
523,492
524,492
525,492
526,492
527,492
528,492
529,492
530,492
44,493
45,493
524,493
525,493
524,494
525,494
524,495
525,495
524,496
525,496
524,497
525,497
524,498
525,498
523,499
524,499
525,499
524,500
525,500
524,501
525,501
524,502
525,502
524,503
525,503
523,504
524,504
525,504
524,505
525,505
524,506
525,506
524,507
525,507
524,508
525,508
524,509
525,509
356,510
357,510
524,510
525,510
47,511
48,511
51,511
54,511
353,511
354,511
355,511
356,511
357,511
358,511
359,511
524,511
525,511
46,512
47,512
48,512
49,512
50,512
51,512
52,512
53,512
54,512
352,512
353,512
361,512
524,512
525,512
526,512
47,513
53,513
54,513
351,513
352,513
524,513
525,513
526,513
53,514
54,514
350,514
351,514
524,514
525,514
526,514
45,515
48,515
50,515
52,515
53,515
54,515
350,515
524,515
525,515
526,515
52,516
53,516
54,516
350,516
524,516
525,516
526,516
52,517
53,517
54,517
350,517
524,517
525,517
526,517
52,518
53,518
54,518
350,518
524,518
525,518
526,518
52,519
53,519
54,519
524,519
525,519
526,519
52,520
53,520
54,520
524,520
525,520
526,520
52,521
53,521
54,521
524,521
525,521
526,521
52,522
53,522
54,522
524,522
525,522
526,522
52,523
53,523
54,523
524,523
525,523
52,524
53,524
54,524
524,524
525,524
52,525
53,525
54,525
524,525
525,525
52,526
53,526
54,526
524,526
525,526
52,527
53,527
54,527
524,527
525,527
52,528
53,528
54,528
524,528
525,528
53,529
54,529
348,529
349,529
350,529
351,529
352,529
524,529
525,529
53,530
54,530
346,530
347,530
348,530
351,530
352,530
353,530
524,530
525,530
53,531
54,531
345,531
346,531
347,531
352,531
353,531
354,531
524,531
525,531
53,532
54,532
345,532
346,532
353,532
354,532
355,532
524,532
525,532
53,533
54,533
131,533
132,533
344,533
345,533
354,533
355,533
356,533
524,533
525,533
53,534
54,534
130,534
131,534
132,534
133,534
134,534
343,534
344,534
355,534
356,534
524,534
525,534
53,535
54,535
130,535
131,535
132,535
133,535
134,535
135,535
343,535
355,535
356,535
524,535
525,535
53,536
54,536
129,536
130,536
131,536
132,536
133,536
134,536
135,536
343,536
355,536
356,536
524,536
525,536
53,537
54,537
129,537
130,537
131,537
132,537
133,537
134,537
135,537
343,537
344,537
355,537
356,537
524,537
525,537
53,538
54,538
130,538
131,538
132,538
133,538
134,538
135,538
343,538
344,538
355,538
356,538
524,538
525,538
53,539
54,539
130,539
131,539
132,539
133,539
134,539
135,539
343,539
344,539
355,539
524,539
525,539
53,540
54,540
131,540
132,540
133,540
134,540
344,540
345,540
354,540
355,540
524,540
525,540
53,541
54,541
344,541
345,541
346,541
353,541
354,541
524,541
525,541
53,542
54,542
345,542
346,542
347,542
348,542
349,542
350,542
351,542
352,542
353,542
524,542
525,542
53,543
54,543
347,543
348,543
349,543
350,543
351,543
524,543
525,543
53,544
54,544
348,544
349,544
350,544
524,544
525,544
53,545
54,545
524,545
525,545
53,546
54,546
524,546
525,546
53,547
54,547
524,547
525,547
53,548
54,548
524,548
525,548
53,549
54,549
524,549
525,549
53,550
54,550
524,550
525,550
53,551
54,551
524,551
525,551
53,552
54,552
524,552
525,552
53,553
54,553
524,553
525,553
53,554
54,554
524,554
525,554
53,555
54,555
524,555
525,555
53,556
54,556
524,556
525,556
53,557
54,557
524,557
525,557
53,558
54,558
524,558
525,558
53,559
54,559
524,559
525,559
53,560
54,560
524,560
525,560
53,561
54,561
524,561
525,561
53,562
54,562
524,562
525,562
53,563
54,563
524,563
525,563
53,564
54,564
524,564
525,564
53,565
54,565
524,565
525,565
53,566
54,566
524,566
525,566
53,567
54,567
407,567
408,567
409,567
410,567
524,567
525,567
53,568
54,568
406,568
407,568
408,568
409,568
410,568
411,568
524,568
525,568
53,569
54,569
405,569
406,569
407,569
408,569
409,569
410,569
411,569
524,569
525,569
53,570
54,570
404,570
405,570
406,570
410,570
411,570
412,570
524,570
525,570
53,571
54,571
404,571
405,571
406,571
410,571
411,571
524,571
525,571
53,572
54,572
405,572
406,572
409,572
410,572
411,572
524,572
525,572
53,573
54,573
408,573
409,573
410,573
524,573
525,573
53,574
54,574
408,574
409,574
524,574
525,574
53,575
54,575
524,575
525,575
53,576
54,576
524,576
525,576
53,577
54,577
524,577
525,577
53,578
54,578
312,578
313,578
314,578
524,578
525,578
53,579
54,579
312,579
524,579
525,579
53,580
54,580
312,580
524,580
525,580
53,581
54,581
524,581
525,581
53,582
54,582
312,582
524,582
525,582
53,583
54,583
524,583
525,583
52,584
53,584
54,584
271,584
272,584
273,584
274,584
275,584
276,584
277,584
278,584
279,584
524,584
525,584
52,585
53,585
54,585
259,585
262,585
524,585
525,585
526,585
527,585
528,585
529,585
530,585
53,586
54,586
259,586
262,586
525,586
526,586
527,586
528,586
529,586
530,586
531,586
53,587
54,587
246,587
52,588
53,588
54,588
217,588
218,588
219,588
220,588
221,588
222,588
223,588
224,588
225,588
226,588
227,588
229,588
230,588
52,589
53,589
54,589
200,589
201,589
202,589
203,589
204,589
205,589
206,589
207,589
208,589
209,589
210,589
211,589
212,589
213,589
214,589
215,589
216,589
52,590
53,590
54,590
197,590
198,590
52,591
53,591
54,591
52,592
53,592
54,592
52,593
53,593
54,593
52,594
53,594
54,594
52,595
53,595
54,595
302,595
303,595
304,595
305,595
306,595
307,595
308,595
52,596
53,596
54,596
174,596
175,596
176,596
177,596
178,596
179,596
180,596
187,596
188,596
189,596
190,596
191,596
192,596
193,596
194,596
195,596
196,596
197,596
198,596
199,596
200,596
201,596
202,596
203,596
204,596
205,596
206,596
207,596
208,596
209,596
302,596
303,596
304,596
305,596
306,596
307,596
308,596
309,596
310,596
311,596
312,596
313,596
314,596
315,596
316,596
317,596
318,596
319,596
320,596
321,596
322,596
323,596
324,596
325,596
326,596
52,597
53,597
54,597
169,597
170,597
171,597
172,597
173,597
179,597
180,597
187,597
188,597
189,597
190,597
191,597
192,597
193,597
194,597
195,597
196,597
197,597
198,597
199,597
200,597
201,597
202,597
203,597
204,597
205,597
206,597
207,597
208,597
209,597
210,597
211,597
212,597
213,597
214,597
215,597
216,597
217,597
218,597
219,597
220,597
221,597
222,597
223,597
224,597
225,597
226,597
227,597
228,597
229,597
230,597
231,597
232,597
233,597
234,597
235,597
236,597
237,597
238,597
239,597
240,597
241,597
242,597
243,597
244,597
245,597
246,597
247,597
248,597
249,597
302,597
303,597
304,597
305,597
306,597
307,597
308,597
309,597
310,597
311,597
312,597
313,597
314,597
315,597
316,597
317,597
318,597
319,597
320,597
321,597
322,597
323,597
324,597
325,597
326,597
327,597
328,597
329,597
330,597
331,597
332,597
333,597
334,597
335,597
336,597
337,597
338,597
339,597
340,597
341,597
342,597
343,597
344,597
52,598
53,598
54,598
169,598
170,598
171,598
172,598
180,598
187,598
188,598
189,598
190,598
191,598
192,598
193,598
194,598
195,598
196,598
197,598
198,598
199,598
200,598
201,598
202,598
203,598
204,598
205,598
206,598
207,598
208,598
209,598
210,598
211,598
212,598
213,598
214,598
215,598
216,598
217,598
218,598
219,598
220,598
221,598
222,598
223,598
224,598
225,598
226,598
227,598
228,598
229,598
230,598
231,598
232,598
233,598
234,598
235,598
236,598
237,598
238,598
239,598
240,598
241,598
242,598
243,598
244,598
245,598
246,598
247,598
248,598
249,598
250,598
302,598
303,598
304,598
323,598
324,598
325,598
326,598
327,598
328,598
329,598
330,598
331,598
332,598
333,598
334,598
335,598
336,598
337,598
338,598
339,598
340,598
341,598
342,598
343,598
344,598
345,598
52,599
53,599
54,599
187,599
188,599
222,599
223,599
224,599
225,599
226,599
227,599
228,599
229,599
230,599
231,599
232,599
233,599
234,599
235,599
236,599
237,599
238,599
239,599
240,599
241,599
242,599
243,599
244,599
245,599
246,599
247,599
248,599
249,599
250,599
251,599
252,599
253,599
254,599
255,599
256,599
257,599
258,599
259,599
260,599
261,599
262,599
263,599
264,599
265,599
266,599
267,599
268,599
269,599
270,599
271,599
272,599
273,599
274,599
275,599
276,599
277,599
278,599
279,599
280,599
281,599
282,599
283,599
284,599
302,599
303,599
304,599
340,599
341,599
342,599
343,599
344,599
345,599
346,599
347,599
348,599
349,599
350,599
351,599
352,599
353,599
354,599
355,599
356,599
357,599
358,599
359,599
360,599
361,599
362,599
363,599
52,600
53,600
54,600
180,600
187,600
188,600
258,600
275,600
277,600
279,600
280,600
282,600
283,600
284,600
302,600
303,600
304,600
357,600
358,600
359,600
360,600
361,600
362,600
363,600
364,600
365,600
366,600
367,600
368,600
369,600
370,600
371,600
372,600
373,600
374,600
375,600
376,600
377,600
378,600
379,600
380,600
381,600
52,601
53,601
54,601
159,601
160,601
161,601
162,601
163,601
164,601
165,601
166,601
167,601
168,601
169,601
170,601
180,601
181,601
187,601
195,601
196,601
283,601
284,601
302,601
303,601
304,601
374,601
375,601
376,601
377,601
378,601
379,601
380,601
381,601
382,601
383,601
384,601
385,601
386,601
387,601
388,601
389,601
390,601
391,601
392,601
393,601
394,601
395,601
396,601
397,601
398,601
52,602
53,602
54,602
144,602
145,602
146,602
147,602
148,602
149,602
150,602
151,602
152,602
153,602
154,602
155,602
156,602
157,602
158,602
159,602
160,602
161,602
162,602
163,602
165,602
166,602
167,602
168,602
169,602
170,602
181,602
187,602
283,602
302,602
303,602
304,602
391,602
392,602
393,602
394,602
395,602
396,602
397,602
398,602
399,602
52,603
53,603
54,603
133,603
134,603
135,603
136,603
137,603
138,603
139,603
140,603
141,603
142,603
143,603
144,603
145,603
146,603
147,603
148,603
149,603
150,603
151,603
152,603
153,603
154,603
155,603
156,603
157,603
158,603
159,603
160,603
161,603
162,603
163,603
166,603
167,603
168,603
169,603
170,603
187,603
283,603
303,603
370,603
371,603
372,603
392,603
393,603
394,603
395,603
396,603
397,603
398,603
399,603
52,604
53,604
54,604
132,604
133,604
134,604
135,604
136,604
137,604
138,604
139,604
140,604
141,604
142,604
143,604
144,604
145,604
146,604
147,604
148,604
149,604
150,604
151,604
152,604
153,604
154,604
155,604
169,604
170,604
187,604
283,604
370,604
371,604
372,604
398,604
399,604
52,605
53,605
54,605
117,605
118,605
119,605
120,605
121,605
122,605
123,605
124,605
125,605
126,605
127,605
128,605
129,605
130,605
131,605
132,605
133,605
134,605
135,605
136,605
137,605
138,605
139,605
140,605
141,605
142,605
143,605
169,605
170,605
187,605
283,605
373,605
398,605
399,605
52,606
53,606
54,606
105,606
106,606
107,606
108,606
109,606
110,606
111,606
112,606
113,606
114,606
115,606
116,606
117,606
118,606
119,606
120,606
121,606
123,606
124,606
125,606
126,606
127,606
128,606
129,606
130,606
131,606
169,606
170,606
283,606
284,606
285,606
398,606
399,606
473,606
474,606
475,606
476,606
477,606
478,606
479,606
480,606
481,606
482,606
483,606
484,606
485,606
486,606
487,606
488,606
489,606
490,606
491,606
492,606
493,606
494,606
495,606
496,606
497,606
498,606
499,606
500,606
501,606
502,606
503,606
504,606
505,606
506,606
507,606
508,606
509,606
510,606
511,606
512,606
513,606
514,606
515,606
516,606
517,606
518,606
519,606
520,606
52,607
53,607
54,607
58,607
59,607
91,607
92,607
93,607
94,607
95,607
96,607
97,607
98,607
99,607
100,607
101,607
102,607
103,607
104,607
105,607
106,607
107,607
117,607
118,607
119,607
120,607
121,607
122,607
123,607
124,607
170,607
171,607
398,607
399,607
422,607
423,607
424,607
425,607
426,607
427,607
428,607
429,607
430,607
431,607
432,607
433,607
434,607
435,607
436,607
437,607
438,607
439,607
440,607
441,607
442,607
443,607
444,607
445,607
446,607
447,607
448,607
449,607
450,607
451,607
452,607
453,607
454,607
455,607
456,607
457,607
458,607
459,607
460,607
461,607
462,607
463,607
464,607
465,607
466,607
467,607
468,607
469,607
470,607
471,607
472,607
473,607
474,607
475,607
476,607
477,607
478,607
479,607
480,607
481,607
482,607
483,607
484,607
485,607
486,607
487,607
488,607
489,607
490,607
491,607
492,607
493,607
494,607
495,607
497,607
501,607
502,607
52,608
53,608
54,608
58,608
59,608
78,608
79,608
80,608
81,608
82,608
83,608
84,608
85,608
86,608
87,608
88,608
89,608
90,608
91,608
92,608
94,608
95,608
111,608
112,608
113,608
114,608
115,608
116,608
117,608
118,608
170,608
171,608
398,608
399,608
422,608
423,608
53,609
54,609
58,609
59,609
73,609
74,609
75,609
76,609
77,609
78,609
79,609
80,609
84,609
85,609
86,609
87,609
88,609
89,609
90,609
106,609
107,609
108,609
109,609
110,609
111,609
112,609
113,609
114,609
115,609
116,609
117,609
170,609
398,609
399,609
422,609
423,609
54,610
73,610
74,610
75,610
76,610
77,610
78,610
79,610
84,610
85,610
86,610
87,610
88,610
89,610
90,610
105,610
106,610
107,610
108,610
109,610
110,610
398,610
422,610
423,610
73,611
78,611
79,611
80,611
81,611
82,611
83,611
84,611
85,611
98,611
99,611
100,611
101,611
102,611
103,611
104,611
422,611
423,611
424,611
58,612
59,612
73,612
92,612
94,612
95,612
96,612
97,612
98,612
422,612
423,612
422,613
423,613
73,614
422,614
423,614
73,615
73,616
73,617
